Round	Stimulus	Training	PartBreak	Message	RoleSwitch	Practice
0	3	1	0		1	0
1	4	1	0		1	0
2	8	1	0		1	0
3	2	1	0		1	0
4	1	1	0		1	0
5	12	1	0		1	0
6	14	1	0		1	0
7	6	1	0		1	0
8	9	1	0		1	0
9	0	1	0		1	0
10	5	1	0		1	0
11	11	1	0		1	0
12	13	1	0		1	0
13	7	1	0		1	0
14	15	1	0		1	0
15	10	1	0		1	0
16	0	0	10	 	0	0
16	11	1	0		1	0
17	8	1	0		1	0
18	7	1	0		1	0
19	13	1	0		1	0
20	5	1	0		1	0
21	9	1	0		1	0
22	3	1	0		1	0
23	15	1	0		1	0
24	14	1	0		1	0
25	0	1	0		1	0
26	1	1	0		1	0
27	12	1	0		1	0
28	6	1	0		1	0
29	10	1	0		1	0
30	4	1	0		1	0
31	2	1	0		1	0
32	0	0	10	 	0	0
32	8	1	0		1	0
33	4	1	0		1	0
34	10	1	0		1	0
35	14	1	0		1	0
36	9	1	0		1	0
37	6	1	0		1	0
38	11	1	0		1	0
39	15	1	0		1	0
40	1	1	0		1	0
41	3	1	0		1	0
42	5	1	0		1	0
43	13	1	0		1	0
44	7	1	0		1	0
45	0	1	0		1	0
46	2	1	0		1	0
47	12	1	0		1	0
48	0	0	10	 	0	0
48	9	1	0		1	0
49	1	1	0		1	0
50	5	1	0		1	0
51	11	1	0		1	0
52	8	1	0		1	0
53	14	1	0		1	0
54	12	1	0		1	0
55	7	1	0		1	0
56	4	1	0		1	0
57	15	1	0		1	0
58	6	1	0		1	0
59	2	1	0		1	0
60	0	1	0		1	0
61	3	1	0		1	0
62	10	1	0		1	0
63	13	1	0		1	0
64	0	0	10	__STARTTEST__	0	0
64	5	2	0		1	0
65	4	2	0		1	0
66	6	2	0		1	0
67	8	2	0		1	0
68	2	2	0		1	0
69	14	2	0		1	0
70	1	2	0		1	0
71	0	2	0		1	0
72	10	2	0		1	0
73	3	2	0		1	0
74	15	2	0		1	0
75	13	2	0		1	0
76	12	2	0		1	0
77	11	2	0		1	0
78	7	2	0		1	0
79	9	2	0		1	0
